0   1   А   0   470     995     1   1
1   -   А   0   500     995     2   0 2
2   -   А   0   500     1150    3   1 3 4
3   2   А   0   470     1150    1   2
4   -   А   0   500     1375    3   2 5 6
5   4   А   0   470     1375    1   4
6   -   А   0   500     1555    4   4 7 8 9
7   6   А   0   470     1555    1   6
8   7   А   0   540     1555    1   6
9   -   А   0   500     1720    3   6 10 11
10  8   А   0   540     1720    1   9
11  -   А   0   500     1750    3   9 12 13
12  9   А   0   470     1750    1   11
13  -   А   0   500     1850    3   11 14 15
14  10  А   0   540     1850    1   13
15  -   А   0   500     2080    3   13 16 17
16  11  А   0   470     2080    1   15
17  -   А   0   500     2120    3   15 18 19
18  13  А   0   540     2120    1   17
19  -   А   0   500     2470    3   17 20 21
20  14  А   0   470     2470    1   19
21  -   А   0   500     2580    3   19 22 26
22  -   А   0   500     2680    4   21 23 24 25
23  15  А   0   470     2680    1   22
24  16  А   0   500     2720    1   22
25  17  А   0   560     2720    1   22
26  -   А   0   630     2580    3   21 27 28
27  лестница А   0   630     2500    2  26 71
28  -   А   0   720     2580    4   26 29 30 31
29  м.туалет А   0   720     2540    1   28
30  18  А   0   720     2620    1   28
31  -   А   0   790     2580    3   28 32 33
32  37  А   0   790     2540    1   31
33  -   А   0   840     2580    3   31 34 35
34  19  А   0   840     2540    1   33
35  -   А   0   940     2580    3   33 36 37
36  20  А   0   940     2620    1   35
37  -   А   0   1000    2580    3   35 38 39
38  21  А   0   1000    2540    1   37
39  -   А   0   1090    2580    4   37 40 41 42
40  24  А   0   1090    2540    1   39
41  26  А   0   1090    2620    1   39
42  -   А   0   1160    2580    3   39 43 44
43  23  А   0   1160    2620    1   42
44  -   А   0   1310    2580    4   42 45 46 47
45  25  А   0   1310    2540    1   44
46  22  А   0   1310    2620    1   44
47  -   А   0   1420    2580    3   44 48 49
48  27  А   0   1420    2620    1   47
49  -   А   0   1470    2580    3   47 50 51
50  34  А   0   1470    2540    1   49
51  -   А   0   1540    2580    3   49 52 53
52  32  А   0   1540    2540    1   51
53  -   А   0   1620    2580    4   51 54 55 56
54  30  А   0   1620    2540    1   53
55  31  А   0   1620    2620    1   53
56  -   А   0   1780    2580    3   53 57 58
57  33  А   0   1780    2620    1   56
58  -   А   0   2000    2580    3   56 59 60
59  35  А   0   2000    2620    1   58
60  -   А   0   2080    2580    3   58 61 62
61  36  А   0   2080    2620    1   60
62  -   А   0   2150    2580    3   60 63 64
63  37  А   0   2150    2620    1   62
64  -   А   0   2150    2300    3   62 65 66
65  41  А   0   2170    2300    1   64
66  -   А   0   2150    2220    3   64 67 68
67  43  А   0   2170    2220    1   66
68  -   А   0   2150    2150    3   66 69 70
69  45  А   0   2170    2150    1   68
70  лестница.2    А   0   2050    2200    2   68 115


71 лестница     А   1   630     2500    2   27 72
72  -   А   1   630     2580    3   71 82 88
73  -   А   1   500     2580    3   82 74 76
74  -   А   1   500     2600    2   73 75
75  101 А   1   470     2600    1   74
76  -   А   1   500     2520    4   73 77 78 79
77  103 А   1   470     2520    1   76
78  106 А   1   540     2520    1   76
79  -   А   1   500     2450    3   76 80 81
80  104 А   1   470     2450    1   79
81  спортзал   А   1   500     2000    1   79
82  -   А   1   540     2580    3   72 73 83
83  -   А   1   540     2680    5   82 84 85 86 87
84  105 А   1   470     2680    1   83
85  109а А  1   600     2680    1   83
86  107 А   1   500     2750    1   83
87  109 А   1   560     2750    1   83
88  -   А   1   710     2580    3   72 89 90
89  ж.туалет    А   1   710 2540    1   88
90  -   А   1   800     2580    4   88 91 92 93
91  112 А   1   800     2540    1   90
92  113 А   1   800     2620    1   90
93  -   А   1   870     2580    3   90 94 95
94  114 А   1   870     2540    1   93
95  -   А   1   950     2580    3   93 96 97
96  115 А   1   950     2620    1   95
97  -   А   1   1000    2580    3   95 98 99
98  116 А   1   1000    2540    1   97
99  -   А   1   1090    2580    4   97 100 101 102
100 118 А   1   1090    2540    1   99
101 117 А   1   1090    2620    1   99
102 -   А   1   1260    2580    4   99 103 104 105
103 120 А   1   1260    2540    1   102
104 119 А   1   1260    2620    1   102
105 -   А   1   1410    2580    4   102 106 107 108
106 122 А   1   1410    2540    1   105
107 121 А   1   1410    2620    1   105
108 -   А   1   1570    2580    4   105 109 110 111
109 124 А   1   1570    2540    1   108
110 123 А   1   1570    2620    1   108
111 -   А   1   1710    2580    4   108 112 113 114
112 126 А   1   1710    2540    1   111
113 125 А   1   1710    2620    1   111
114 -   А   1   2050    2580    3   111 115 116
115 лестница2 А 1   2050    2200    2   114 70
116 -   А   1   2140    2580    3   114 117 119
117 -   А   1   2140    2610    2   116 118
118 библиотека  А   1   2500    2610    1   117
119 -   А   1   2140    2215    3   116 120 121
120 127 А   1   2170    2215    1   119
121 -   А   1   2140    2060    3   119 122 123
122 128 А   1   2100    2060    1   121
123 -   А   1   2140    1970    4   121 124 125 126
124 130 А   1   2100    1970    1   123
125 129 А   1   2170    1970    1   123
126 -   А   1   2140    1820    4   123 127 128 129
127 131а А  1   2100    1820    1   126
128 131 А   1   2170    1820    1   126
129 -   А   1   2140    1720    3   126 130 131
130 132 А   1   2100    1720    1   129
131 -   А   1   2140    1630    4   129 132 133 134
132 133 А   1   2100    1630    1   131
133 134 А   1   2170    1630    1   131
134 -   А   1   2140    1530    4   131 135 136 137
135 135 А   1   2100    1530    1   134
136 136 А   1   2170    1530    1   134
137 -   А   1   2140    1110    3   134 138 139
138 138 А   1   2100    1110    1   137
139 -   А   1   2140    1010    3   137 140 141
140 лестница3   А   1   2050    1010    1   139
141 -   А   1   2140    920     3   139 142 143
142 140 А   1   2100    920     1   141
143 139 А   1   2170    920     1   141